              precision    recall  f1-score   support

           0       0.98      0.99      0.98      4932
           1       0.98      0.98      0.98      5678
           2       0.97      0.97      0.97      4968
           3       0.97      0.96      0.97      5101
           4       0.97      0.97      0.97      4859
           5       0.97      0.97      0.97      4506
           6       0.98      0.98      0.98      4951
           7       0.97      0.97      0.97      5175
           8       0.96      0.96      0.96      4842
           9       0.96      0.96      0.96      4988

    accuracy                           0.97     50000
   macro avg       0.97      0.97      0.97     50000
weighted avg       0.97      0.97      0.97     50000
