              precision    recall  f1-score   support

           0       0.92      0.96      0.94      4932
           1       0.92      0.95      0.93      5678
           2       0.91      0.87      0.89      4968
           3       0.87      0.88      0.88      5101
           4       0.92      0.88      0.90      4859
           5       0.91      0.86      0.88      4506
           6       0.93      0.93      0.93      4951
           7       0.84      0.93      0.88      5175
           8       0.90      0.84      0.87      4842
           9       0.87      0.86      0.86      4988

    accuracy                           0.90     50000
   macro avg       0.90      0.90      0.90     50000
weighted avg       0.90      0.90      0.90     50000
